# input record = hmi.rdVpspec_fd15[2096][240][165.0][-15.0][-75.0]
# output record = hmi.rdVfitsf_fd15[2096][240][165.0][-15.0][-75.0]
# program used = ringfit_ssw v0.8
# version 0.8
# guess file used = /home/dhaber/coefhrtest.dat
# nmin =  0        nmax = 14 
# lmin = 140.6250    lmax = 2812.4998   kmin =   0.2020   kmax =   4.0409 
# delta_nu =    9.6451e+00   delta_k =    3.3675e-02 
# number of modes fit = 235
#n     l        k        nu        d_nu         ux         d_ux         uy         d_uy    fit    amp        d_amp         bg         d_bg        fwhm       d_fwhm      delnu        d_nu    k_bin  nfe   min_func      rdchi
 0  351.562  0.50512  1874.612  1.0400e+01  5.3902e+01  9.7291e+01  1.4822e+01  3.0850e+02  0  4.1354e-01  3.1248e-01 -4.9309e+00  5.0663e-02  4.2565e+00  3.9860e-01 -2.9618e+00  1.0400e+01   15    56  2.2228e+03   1.212e+00
 0  375.000  0.53879  1949.699  4.8877e+00  1.1517e+01  4.6529e+01 -1.4201e+02  4.2706e+02  0  3.7639e-01  2.1067e-01 -4.8035e+00  3.8521e-02  3.8666e+00  2.9543e-01  1.1183e+01  4.8877e+00   16    50  2.2483e+03   1.200e+00
 0  398.438  0.57247  2005.207  4.1505e+00  1.2012e+01  4.0521e+01  1.9317e+00  1.2666e+02  0  7.3517e-01  1.2957e-01 -4.7754e+00  3.7246e-02  4.0347e+00  1.6735e-01  7.7064e+00  4.1505e+00   17    43  2.2380e+03   1.194e+00
 0  421.875  0.60614  2060.369  3.1203e+00  1.0057e+01  3.5602e+01 -1.0304e+01  6.2948e+01  0  7.4104e-01  1.1898e-01 -4.6694e+00  3.6519e-02  3.9325e+00  1.6047e-01  5.6798e+00  3.1203e+00   18    52  2.2339e+03   1.192e+00
 0  445.312  0.63982  2118.109  2.5978e+00 -3.7433e+01  2.6085e+01  2.1103e+01  7.7560e+01  0  8.9984e-01  1.0447e-01 -4.6086e+00  3.8640e-02  3.8850e+00  1.5056e-01  7.8864e+00  2.5978e+00   19    50  2.2125e+03   1.181e+00
 0  468.750  0.67349  2173.899  2.4504e+00  5.1441e+00  2.2830e+01 -1.4438e+01  5.9181e+01  0  9.9315e-01  8.8591e-02 -4.5686e+00  3.8625e-02  3.9107e+00  1.2351e-01  9.6745e+00  2.4504e+00   20    61  2.1532e+03   1.174e+00
 0  492.188  0.70717  2226.051  2.1996e+00  2.0357e+01  1.9100e+01 -6.4311e+00  5.2177e+01  0  1.2200e+00  7.4524e-02 -4.5581e+00  4.0837e-02  3.9467e+00  1.0729e-01  9.2468e+00  2.1996e+00   21    53  2.2023e+03   1.175e+00
 0  515.625  0.74084  2277.178  1.9935e+00  1.5861e+01  1.6517e+01 -1.0715e+01  6.5453e+01  0  1.2030e+00  7.3265e-02 -4.4539e+00  3.9948e-02  3.8549e+00  1.0770e-01  9.1229e+00  1.9935e+00   22    49  2.2258e+03   1.188e+00
 0  539.062  0.77452  2328.927  2.0032e+00  1.8120e+01  1.6486e+01 -1.7340e-01  6.5641e+01  0  1.2732e+00  7.0055e-02 -4.3794e+00  4.1165e-02  3.8912e+00  1.0469e-01  1.0863e+01  2.0032e+00   23    49  2.2438e+03   1.172e+00
 0  562.500  0.80819  2377.927  1.6759e+00 -2.6078e+01  1.3076e+01 -1.3399e+01  3.5724e+01  0  1.3630e+00  6.5411e-02 -4.3046e+00  3.9877e-02  3.7587e+00  9.9193e-02  1.1019e+01  1.6759e+00   24    50  2.2488e+03   1.175e+00
 0  585.938  0.84186  2424.873  1.7430e+00  1.5409e+01  1.4052e+01 -1.7755e+01  4.9019e+01  0  1.4685e+00  6.0280e-02 -4.3306e+00  4.4674e-02  3.8877e+00  9.1594e-02  1.0217e+01  1.7430e+00   25    54  2.2520e+03   1.177e+00
 0  609.375  0.87554  2473.002  1.6410e+00  4.7961e+00  1.2027e+01  1.3381e+01  2.8596e+01  0  1.5174e+00  5.8098e-02 -4.2497e+00  4.3043e-02  3.8476e+00  8.7626e-02  1.1633e+01  1.6410e+00   26    48  2.2943e+03   1.174e+00
 0  632.812  0.90921  2517.067  1.6754e+00 -1.2480e+01  1.1264e+01  5.0103e+00  3.8213e+01  0  1.5081e+00  5.7065e-02 -4.2091e+00  4.4482e-02  3.8769e+00  8.6330e-02  9.9621e+00  1.6754e+00   27    44  2.2991e+03   1.177e+00
 0  656.250  0.94289  2565.086  1.5976e+00 -6.3189e+00  1.0686e+01  1.2628e+00  2.8363e+01  0  1.5405e+00  5.5473e-02 -4.1679e+00  4.4332e-02  3.8608e+00  8.4108e-02  1.3170e+01  1.5976e+00   28    51  2.3132e+03   1.160e+00
 0  679.688  0.97656  2607.903  1.4809e+00 -1.2316e+01  9.5617e+00 -7.4771e+00  2.4429e+01  0  1.6421e+00  5.3129e-02 -4.1163e+00  4.3731e-02  3.8198e+00  7.9788e-02  1.2055e+01  1.4809e+00   29    53  2.3751e+03   1.168e+00
 0  703.125  1.01024  2652.611  1.5294e+00  3.7708e+00  9.4815e+00 -7.5807e+00  2.9774e+01  0  1.6144e+00  5.2936e-02 -4.0721e+00  4.6647e-02  3.8760e+00  8.1244e-02  1.3666e+01  1.5294e+00   30    47  2.3678e+03   1.164e+00
 0  726.562  1.04391  2694.533  1.5813e+00  3.1030e+00  9.6272e+00  1.4461e+01  2.3225e+01  0  1.6297e+00  5.1403e-02 -4.0439e+00  4.8316e-02  3.9306e+00  7.8225e-02  1.3287e+01  1.5813e+00   31    54  2.3661e+03   1.163e+00
 0  750.000  1.07759  2737.717  1.6318e+00 -2.2989e+00  9.5503e+00 -2.4721e+00  2.5133e+01  0  1.6574e+00  4.9812e-02 -4.0345e+00  5.1546e-02  4.0090e+00  7.6548e-02  1.4929e+01  1.6318e+00   32    54  2.4039e+03   1.159e+00
 0  773.437  1.11126  2778.249  1.6251e+00  3.1123e+00  9.5007e+00  1.6588e+01  2.3161e+01  0  1.6634e+00  4.9568e-02 -3.9650e+00  5.2147e-02  4.0207e+00  7.7075e-02  1.4644e+01  1.6251e+00   33    56  2.4296e+03   1.149e+00
 0  796.875  1.14494  2817.789  1.6900e+00  1.7587e+01  9.5930e+00 -9.4783e-01  2.1293e+01  0  1.6755e+00  4.8446e-02 -3.8970e+00  5.1422e-02  4.0687e+00  7.4446e-02  1.4060e+01  1.6900e+00   34    61  2.4932e+03   1.157e+00
 0  820.312  1.17861  2857.645  1.7209e+00 -2.5377e+00  9.3664e+00 -1.6651e-01  2.1653e+01  0  1.6425e+00  4.7161e-02 -3.9316e+00  5.3205e-02  4.1195e+00  7.2455e-02  1.4456e+01  1.7209e+00   35    44  2.5370e+03   1.156e+00
 0  843.750  1.21228  2897.498  1.7308e+00  4.7812e+00  9.2381e+00  1.4473e+01  2.1266e+01  0  1.6572e+00  4.6356e-02 -3.9057e+00  5.6121e-02  4.1604e+00  7.1491e-02  1.5486e+01  1.7308e+00   36    53  2.5076e+03   1.143e+00
 0  867.187  1.24596  2935.700  1.7898e+00  2.8307e+00  9.3593e+00  1.5565e+01  2.0072e+01  0  1.6521e+00  4.6435e-02 -3.8653e+00  5.9276e-02  4.2018e+00  7.3088e-02  1.5476e+01  1.7898e+00   37    48  2.5762e+03   1.153e+00
 0  890.625  1.27963  2974.089  1.8673e+00 -7.3444e+00  9.6266e+00  1.6818e+00  2.0903e+01  0  1.6602e+00  4.5924e-02 -3.8271e+00  6.1711e-02  4.2581e+00  7.2548e-02  1.6241e+01  1.8673e+00   38    49  2.6240e+03   1.154e+00
 0  914.062  1.31331  3011.249  2.0247e+00 -4.6018e+00  9.9588e+00  4.0159e+00  2.2921e+01  0  1.5907e+00  4.6745e-02 -3.7777e+00  6.3439e-02  4.3546e+00  7.3702e-02  1.6343e+01  2.0247e+00   39    48  2.6648e+03   1.152e+00
 0  937.500  1.34698  3050.656  2.0079e+00 -6.0395e-04  9.4738e+00  4.5990e+00  2.2325e+01  0  1.5533e+00  4.5886e-02 -3.7275e+00  5.9023e-02  4.3416e+00  7.1706e-02  1.9235e+01  2.0079e+00   40    44  2.7116e+03   1.152e+00
 0  960.937  1.38066  3082.273  2.1663e+00 -4.4968e+00  1.0128e+01  5.1339e+00  2.2975e+01  0  1.5452e+00  4.6066e-02 -3.8151e+00  7.1899e-02  4.4844e+00  7.2681e-02  1.4863e+01  2.1663e+00   41    39  2.7579e+03   1.152e+00
 0  984.375  1.41433  3119.343  2.2618e+00  8.1974e+00  1.0108e+01  9.6022e+00  2.2874e+01  0  1.4950e+00  4.5784e-02 -3.7516e+00  6.7632e-02  4.5029e+00  7.1404e-02  1.6450e+01  2.2618e+00   42    59  2.8134e+03   1.156e+00
 0 1007.812  1.44801  3154.870  2.1629e+00  5.5245e+00  9.6289e+00  1.4400e+01  2.0674e+01  0  1.5489e+00  4.4254e-02 -3.7209e+00  6.8168e-02  4.4880e+00  6.9654e-02  1.6983e+01  2.1629e+00   43    54  2.8577e+03   1.155e+00
 0 1031.250  1.48168  3187.050  2.3592e+00  9.6140e+00  1.0032e+01  4.8258e+00  2.2972e+01  0  1.4990e+00  4.4794e-02 -3.7703e+00  7.5889e-02  4.5946e+00  7.0169e-02  1.4643e+01  2.3592e+00   44    43  2.9038e+03   1.155e+00
 0 1054.687  1.51536  3220.032  2.4573e+00  1.5021e+01  1.0229e+01 -4.5713e+00  2.2327e+01  0  1.4574e+00  4.4342e-02 -3.7740e+00  7.6893e-02  4.6674e+00  6.8109e-02  1.3560e+01  2.4573e+00   45    50  2.9447e+03   1.153e+00
 0 1078.125  1.54903  3254.445  2.5905e+00  1.6759e+01  1.0578e+01  3.0900e+00  2.1964e+01  0  1.3763e+00  4.6292e-02 -3.7586e+00  7.9763e-02  4.7194e+00  7.0932e-02  1.4351e+01  2.5905e+00   46    54  2.9929e+03   1.154e+00
 0 1101.562  1.58270  3287.296  2.6402e+00 -4.1015e+00  1.0595e+01  1.4165e+01  2.2081e+01  0  1.3372e+00  4.5606e-02 -3.7493e+00  7.7517e-02  4.7552e+00  6.9596e-02  1.4008e+01  2.6402e+00   47    55  3.0865e+03   1.154e+00
 0 1125.000  1.61638  3320.581  2.8623e+00 -1.3229e+01  1.1276e+01  2.6410e+00  2.3307e+01  0  1.2689e+00  4.9104e-02 -3.6969e+00  8.1366e-02  4.8398e+00  7.3446e-02  1.4515e+01  2.8623e+00   48    56  3.1221e+03   1.150e+00
 0 1148.437  1.65005  3353.428  2.9692e+00 -1.0886e+01  1.1473e+01 -1.5139e+00  2.2340e+01  0  1.2103e+00  4.9723e-02 -3.7206e+00  8.4087e-02  4.8819e+00  7.3675e-02  1.4986e+01  2.9692e+00   49    47  3.1596e+03   1.147e+00
 0 1171.875  1.68373  3379.978  3.1858e+00  9.6404e+00  1.1917e+01  1.9746e+00  2.2830e+01  0  1.2258e+00  5.0389e-02 -3.8045e+00  9.8523e-02  4.9984e+00  7.2237e-02  9.5506e+00  3.1858e+00   50    51  3.2119e+03   1.150e+00
 0 1195.312  1.71740  3409.873  3.3577e+00 -5.4397e+00  1.2499e+01  1.0873e+01  2.4500e+01  0  1.1278e+00  5.2926e-02 -3.7717e+00  9.5353e-02  5.0695e+00  7.3671e-02  7.8388e+00  3.3577e+00   51    69  3.3102e+03   1.152e+00
 0 1218.750  1.75108  3444.094  3.4997e+00 -6.7313e+00  1.2385e+01  8.9577e+00  2.2411e+01  0  1.1253e+00  5.3493e-02 -3.8067e+00  1.0420e-01  5.0944e+00  7.4722e-02  1.0822e+01  3.4997e+00   52    70  3.3660e+03   1.155e+00
 0 1242.187  1.78475  3473.708  3.7799e+00 -7.0271e+00  1.2968e+01  1.0638e+01  2.3534e+01  0  1.0593e+00  5.6827e-02 -3.8361e+00  1.1096e-01  5.1783e+00  7.6963e-02  9.5580e+00  3.7799e+00   53    66  3.4361e+03   1.148e+00
 0 1265.625  1.81843  3502.601  4.0313e+00  1.4317e+01  1.3510e+01  5.0694e+00  2.4819e+01  0  9.6146e-01  6.1095e-02 -3.7962e+00  1.0989e-01  5.2175e+00  8.0878e-02  7.9192e+00  4.0313e+00   54    59  3.5044e+03   1.155e+00
 0 1289.062  1.85210  3530.242  4.1298e+00  1.2904e+01  1.3544e+01 -1.5580e+01  2.4725e+01  0  9.3591e-01  6.0889e-02 -3.8405e+00  1.1423e-01  5.2758e+00  7.9333e-02  5.3690e+00  4.1298e+00   55    66  3.5757e+03   1.148e+00
 0 1312.500  1.88578  3556.873  4.7172e+00  9.0526e+00  1.4552e+01  3.6992e-01  2.6159e+01  0  9.1938e-01  7.0641e-02 -3.9199e+00  1.4524e-01  5.4147e+00  8.5240e-02  2.1373e+00  4.7172e+00   56    50  3.6617e+03   1.161e+00
 0 1335.937  1.91945  3589.295  4.6371e+00 -4.3020e+00  1.4380e+01  1.4115e+01  2.6163e+01  0  8.2173e-01  6.9184e-02 -3.8824e+00  1.3074e-01  5.3915e+00  8.4916e-02  5.0183e+00  4.6371e+00   57    59  3.6956e+03   1.157e+00
 0 1359.375  1.95312  3614.727  4.5106e+00  5.7568e+00  1.4065e+01  1.7435e+01  2.8245e+01  0  7.6518e-01  6.5333e-02 -3.8425e+00  1.1546e-01  5.4003e+00  8.0556e-02  1.2222e+00  4.5106e+00   58    55  3.8227e+03   1.168e+00
 0 1382.812  1.98680  3643.699  4.9253e+00 -4.5157e+00  1.4884e+01  1.4190e+01  2.7824e+01  0  7.2555e-01  6.9463e-02 -3.8990e+00  1.2730e-01  5.4820e+00  8.2650e-02  1.2720e+00  4.9253e+00   59    53  3.9344e+03   1.173e+00
 0 1406.250  2.02047  3677.489  4.9548e+00 -2.5743e+01  1.5069e+01  1.2028e+01  2.8502e+01  0  6.2610e-01  7.2085e-02 -3.8939e+00  1.2399e-01  5.5052e+00  8.4625e-02  6.4376e+00  4.9548e+00   60    52  3.9388e+03   1.161e+00
 0 1429.687  2.05415  3692.278  6.1132e+00  8.3145e+00  1.6254e+01  4.5334e+00  3.1326e+01  0  6.5897e-01  9.5878e-02 -4.0591e+00  2.0084e-01  5.6800e+00  1.0097e-01 -7.1085e+00  6.1132e+00   61    49  4.0539e+03   1.181e+00
 0 1453.125  2.08782  3718.216  6.3008e+00  1.0689e+01  1.6582e+01 -7.3852e-01  3.3410e+01  0  6.0922e-01  1.0369e-01 -4.0899e+00  2.1626e-01  5.7452e+00  1.0560e-01 -9.2219e+00  6.3008e+00   62    48  4.1951e+03   1.194e+00
 0 1476.563  2.12150  3746.603  6.5724e+00  2.9616e+00  1.7037e+01  9.6220e+00  3.9628e+01  0  4.8677e-01  1.0001e-01 -3.9329e+00  1.6509e-01  5.7287e+00  1.0336e-01 -8.6089e+00  6.5724e+00   63    54  4.3555e+03   1.212e+00
 0 1500.000  2.15517  3748.994  7.1202e+00  4.2489e+01  1.8167e+01 -2.3389e+01  3.1817e+01  0  8.6654e-01  1.5163e-01 -5.6693e+00  1.7800e+00  6.1397e+00  1.2368e-01 -3.3722e+01  7.1202e+00   64    59  4.4352e+03   1.207e+00
 0 1523.437  2.18885  3788.539  9.5754e+00  2.9627e+01  1.9058e+01  2.5603e+00  3.7222e+01  0  5.6389e-01  1.7506e-01 -4.3497e+00  4.5987e-01  5.9920e+00  1.5386e-01 -2.1417e+01  9.5754e+00   65    57  4.4976e+03   1.211e+00
 0 1546.875  2.22252  3815.350  1.1306e+01  3.1732e+01  2.0759e+01  2.4236e+01  7.9144e+01  2  3.7449e-01  1.8900e-01 -4.1860e+00  3.6626e-01  5.9607e+00  1.7098e-01 -2.1588e+01  1.1306e+01   66    62  4.9304e+03   1.300e+00
 0 1593.750  2.28987  3860.106  1.0070e+01  7.3741e+00  2.2191e+01  3.0406e+01  4.2507e+01  0  4.8991e-01  2.0433e-01 -4.6468e+00  6.7615e-01  6.2111e+00  1.5933e-01 -3.0044e+01  1.0070e+01   68    65  4.8132e+03   1.230e+00
 0 1617.187  2.32355  3864.730  8.3906e+00  4.2011e+01  3.3841e+01  3.8420e+01  2.4924e+02  2  6.9763e-01  2.0783e-02 -3.2205e+01  8.4635e+05  6.4374e+00  3.7022e-02 -5.1662e+01  8.3906e+00   69   143  5.5647e+03   1.379e+00
 0 1734.375  2.49192  4000.502  9.4020e+00 -8.6692e+01  2.5500e+01 -4.2132e+00  4.8441e+01  2  1.5469e+00  2.4706e-02 -1.4184e+01  5.5085e+01  6.7881e+00  4.0762e-02 -4.3649e+01  9.4020e+00   74   112  5.9528e+03   1.355e+00
 0 1757.812  2.52559  4015.767  8.2039e+00  4.5965e+01  2.3244e+01 -2.5763e+01  3.7634e+01  2  9.5142e-01  2.1627e-02 -2.9720e+01  5.4640e+05  6.6884e+00  3.7277e-02 -5.3278e+01  8.2039e+00   75   148  5.2915e+03   1.193e+00
 0 1781.250  2.55927  4028.146  9.1466e+00 -5.8577e+00  2.3832e+01 -1.4720e+01  5.0001e+01  2  7.2092e-01  2.3873e-02 -3.0213e+01  6.6911e+05  6.7980e+00  3.9576e-02 -6.5586e+01  9.1466e+00   76   166  5.5644e+03   1.222e+00
 0 1804.687  2.59294  4053.197  8.9130e+00 -4.6313e+00  2.1573e+01  1.9549e+00  9.3173e+01  2  5.5952e-01  2.2725e-02 -3.1859e+01  5.4643e+05  6.7761e+00  3.8295e-02 -6.5016e+01  8.9130e+00   77   136  5.9175e+03   1.288e+00
 1  210.937  0.30307  2010.764  5.3974e+00 -2.3507e+01  1.0801e+02 -7.8051e+01  2.2944e+02  0  9.7698e-01  1.7538e-01 -6.3942e+00  5.4211e-02  4.2784e+00  1.9624e-01  1.7131e+01  5.3974e+00    9    50  1.8772e+03   1.274e+00
 1  234.375  0.33675  2097.799  4.9257e+00  1.3788e+01  2.3781e+02  1.9580e+02  1.2399e+03  0  9.7212e-01  1.7773e-01 -6.1656e+00  5.6095e-02  4.1270e+00  2.2288e-01  2.3381e+01  4.9257e+00   10    46  1.9689e+03   1.267e+00
 1  257.812  0.37042  2162.747  3.2770e+00  9.7921e+00  6.0389e+01  6.5312e+01  1.1441e+02  0  1.2757e+00  1.1306e-01 -5.9444e+00  4.9197e-02  4.1241e+00  1.4632e-01  1.2440e+01  3.2770e+00   11    58  1.9731e+03   1.238e+00
 1  281.250  0.40409  2238.604  2.7551e+00 -3.4383e+01  4.1319e+01 -7.1367e+01  1.0969e+02  0  1.3670e+00  9.6085e-02 -5.8253e+00  4.9315e-02  4.0108e+00  1.3691e-01  1.6354e+01  2.7551e+00   12    50  2.0022e+03   1.225e+00
 1  304.687  0.43777  2302.057  2.5867e+00 -5.7341e+00  4.0420e+01 -6.2910e+01  7.5780e+01  0  1.6269e+00  8.1024e-02 -5.7205e+00  5.5003e-02  4.1710e+00  1.1283e-01  1.1098e+01  2.5867e+00   13    44  2.0261e+03   1.210e+00
 1  328.125  0.47144  2370.566  2.1627e+00 -2.6150e+01  3.0662e+01 -5.9219e+01  6.4180e+01  0  1.7810e+00  6.8713e-02 -5.5996e+00  5.3724e-02  4.0707e+00  1.0038e-01  1.3588e+01  2.1627e+00   14    45  2.0680e+03   1.207e+00
 1  351.562  0.50512  2433.508  2.0818e+00  6.0204e+01  2.7211e+01  2.4786e+01  5.4984e+01  0  1.8676e+00  6.3755e-02 -5.4588e+00  5.5766e-02  4.1051e+00  9.3361e-02  1.2776e+01  2.0818e+00   15    48  2.0680e+03   1.207e+00
 1  375.000  0.53879  2493.909  1.6932e+00  3.7772e+01  2.2008e+01 -2.1733e+01  3.7111e+01  0  2.0986e+00  5.5382e-02 -5.4128e+00  5.8047e-02  3.9923e+00  8.4536e-02  1.1349e+01  1.6932e+00   16    49  2.0968e+03   1.195e+00
 1  398.438  0.57247  2554.111  1.6587e+00 -1.0875e+00  1.9122e+01  4.8480e+00  4.0007e+01  0  2.1295e+00  5.3768e-02 -5.2861e+00  5.7401e-02  3.9875e+00  8.1460e-02  1.1377e+01  1.6587e+00   17    43  2.1773e+03   1.214e+00
 1  421.875  0.60614  2613.565  1.4807e+00  2.9506e+01  1.6651e+01  4.1047e+00  3.1018e+01  0  2.2575e+00  5.1668e-02 -5.1466e+00  5.6087e-02  3.8804e+00  7.9075e-02  1.2086e+01  1.4807e+00   18    45  2.1954e+03   1.197e+00
 1  445.312  0.63982  2669.454  1.6222e+00  1.5871e+00  1.6441e+01 -2.5697e+00  3.6882e+01  0  2.3148e+00  4.8552e-02 -5.1563e+00  6.8379e-02  4.0740e+00  7.4682e-02  1.0476e+01  1.6222e+00   19    50  2.2004e+03   1.200e+00
 1  468.750  0.67349  2728.681  1.4724e+00  2.2468e+01  1.5077e+01 -3.3184e+01  2.9722e+01  0  2.3234e+00  4.8830e-02 -4.9724e+00  5.9037e-02  3.9463e+00  7.4686e-02  1.3296e+01  1.4724e+00   20    79  2.2665e+03   1.184e+00
 1  492.188  0.70717  2782.739  1.4785e+00  1.8819e+01  1.4203e+01 -1.7510e+01  2.9168e+01  0  2.3965e+00  4.6577e-02 -4.9769e+00  6.6799e-02  4.0013e+00  7.1279e-02  1.1908e+01  1.4785e+00   21    64  2.2723e+03   1.187e+00
 1  515.625  0.74084  2839.740  1.3551e+00  6.8459e-01  1.2202e+01  1.7556e+00  2.3369e+01  0  2.4777e+00  4.6671e-02 -4.8228e+00  6.0933e-02  3.8901e+00  6.9695e-02  1.4313e+01  1.3551e+00   22    41  2.2985e+03   1.176e+00
 1  539.062  0.77452  2893.723  1.3673e+00  7.6716e+00  1.1735e+01  2.4079e+00  2.3767e+01  0  2.5163e+00  4.5136e-02 -4.8092e+00  6.5013e-02  3.9395e+00  6.7327e-02  1.4456e+01  1.3673e+00   23    58  2.3615e+03   1.184e+00
 1  562.500  0.80819  2945.971  1.4143e+00  7.8314e+00  1.1781e+01 -8.8103e+00  2.2378e+01  0  2.4703e+00  4.4126e-02 -4.7899e+00  7.2575e-02  4.0125e+00  6.6622e-02  1.3537e+01  1.4143e+00   24    49  2.2883e+03   1.171e+00
 1  585.938  0.84186  2999.962  1.4440e+00  2.1480e+01  1.1891e+01  1.2391e+01  2.0426e+01  0  2.4907e+00  4.3241e-02 -4.7409e+00  7.5980e-02  4.0547e+00  6.5730e-02  1.4964e+01  1.4440e+00   25    52  2.3325e+03   1.170e+00
 1  609.375  0.87554  3051.748  1.4104e+00  8.4495e+00  1.1145e+01 -1.5852e+00  1.8624e+01  0  2.4738e+00  4.3356e-02 -4.6540e+00  7.2621e-02  4.0148e+00  6.5505e-02  1.4725e+01  1.4104e+00   26    59  2.3659e+03   1.163e+00
 1  632.812  0.90921  3102.053  1.4722e+00  2.2127e+01  1.0846e+01  6.4293e+00  2.0068e+01  0  2.4300e+00  4.2349e-02 -4.6177e+00  7.4618e-02  4.0837e+00  6.4086e-02  1.3491e+01  1.4722e+00   27    50  2.4228e+03   1.168e+00
 1  656.250  0.94289  3155.480  1.4927e+00  1.5073e+01  1.0847e+01  9.5938e+00  2.0234e+01  0  2.3574e+00  4.2351e-02 -4.5953e+00  7.7661e-02  4.0987e+00  6.4931e-02  1.5815e+01  1.4927e+00   28    52  2.4032e+03   1.159e+00
 1  679.688  0.97656  3205.019  1.4794e+00  7.0116e+00  1.0454e+01  4.4780e+00  1.7298e+01  0  2.3454e+00  4.2384e-02 -4.5020e+00  7.3794e-02  4.0781e+00  6.4426e-02  1.4644e+01  1.4794e+00   29    61  2.4410e+03   1.155e+00
 1  703.125  1.01024  3255.212  1.5495e+00  1.3384e+01  1.0578e+01 -8.2172e+00  1.7644e+01  0  2.2472e+00  4.1545e-02 -4.5386e+00  7.9650e-02  4.1625e+00  6.3684e-02  1.4482e+01  1.5495e+00   30    42  2.4307e+03   1.150e+00
 1  726.562  1.04391  3304.967  1.5361e+00  1.9233e+00  1.0217e+01  1.5268e+01  1.7452e+01  0  2.1823e+00  4.2038e-02 -4.4406e+00  7.3442e-02  4.1245e+00  6.4427e-02  1.4204e+01  1.5361e+00   31    46  2.4647e+03   1.144e+00
 1  750.000  1.07759  3354.761  1.6708e+00  4.1082e+00  1.0560e+01 -1.2264e+01  1.8798e+01  0  2.1134e+00  4.1479e-02 -4.3942e+00  7.8668e-02  4.2530e+00  6.4685e-02  1.4255e+01  1.6708e+00   32    55  2.5135e+03   1.146e+00
 1  773.437  1.11126  3403.051  1.6561e+00  2.4357e+01  1.0473e+01  1.6571e+00  1.6468e+01  0  2.0798e+00  4.0408e-02 -4.4685e+00  8.2958e-02  4.2702e+00  6.3006e-02  1.3063e+01  1.6561e+00   33    53  2.5446e+03   1.139e+00
 1  796.875  1.14494  3454.104  1.6879e+00  9.0114e+00  1.0471e+01 -7.6776e+00  1.5701e+01  0  1.9342e+00  4.1337e-02 -4.3565e+00  7.3010e-02  4.2399e+00  6.3947e-02  1.4872e+01  1.6879e+00   34    46  2.5489e+03   1.141e+00
 1  820.312  1.17861  3501.762  1.7604e+00 -4.5175e+00  1.0956e+01  2.3581e-01  1.5657e+01  0  1.8529e+00  4.0614e-02 -4.4331e+00  8.2109e-02  4.3533e+00  6.3507e-02  1.3500e+01  1.7604e+00   35    50  2.5556e+03   1.124e+00
 1  843.750  1.21228  3549.811  1.7741e+00  6.7809e+00  1.0637e+01  7.0241e+00  1.5208e+01  0  1.7729e+00  4.0823e-02 -4.3744e+00  7.8093e-02  4.3391e+00  6.3553e-02  1.2711e+01  1.7741e+00   36    54  2.5729e+03   1.131e+00
 1  867.187  1.24596  3598.995  1.9069e+00  1.0781e+01  1.0887e+01  5.4727e+00  1.6722e+01  0  1.6602e+00  4.1537e-02 -4.3212e+00  7.6990e-02  4.3967e+00  6.4953e-02  1.3233e+01  1.9069e+00   37    55  2.6007e+03   1.124e+00
 1  890.625  1.27963  3647.275  1.9630e+00  6.6886e+00  1.1219e+01  1.2197e+00  1.5763e+01  0  1.5509e+00  4.1901e-02 -4.3276e+00  7.8241e-02  4.4493e+00  6.5747e-02  1.3006e+01  1.9630e+00   38    55  2.6401e+03   1.122e+00
 1  914.062  1.31331  3695.378  2.0202e+00  6.6299e+00  1.1071e+01  1.7851e+00  1.6538e+01  2  1.3945e+00  4.3808e-02 -4.1916e+00  6.9298e-02  4.4253e+00  6.8450e-02  1.2745e+01  2.0202e+00   39    56  2.6598e+03   1.130e+00
 1  937.500  1.34698  3744.347  2.1272e+00  1.3362e+01  1.1459e+01  3.0810e+00  1.6311e+01  0  1.2997e+00  4.3625e-02 -4.2748e+00  7.4782e-02  4.5255e+00  6.7756e-02  1.3475e+01  2.1272e+00   40    54  2.7057e+03   1.130e+00
 1  960.937  1.38066  3791.535  2.1809e+00  1.4605e+01  1.2050e+01 -5.1895e-01  1.5684e+01  0  1.2103e+00  4.3618e-02 -4.3223e+00  7.7416e-02  4.5780e+00  6.7551e-02  1.2536e+01  2.1809e+00   41    49  2.7198e+03   1.117e+00
 1  984.375  1.41433  3839.437  2.1721e+00  1.6688e+01  1.2190e+01  9.0893e+00  1.4459e+01  0  1.1012e+00  4.4776e-02 -4.2456e+00  7.1809e-02  4.5281e+00  6.9727e-02  1.2412e+01  2.1721e+00   42    57  2.7364e+03   1.124e+00
 1 1007.812  1.44801  3883.730  2.5307e+00  2.3944e+01  1.3477e+01  6.8305e+00  1.5731e+01  0  9.6855e-01  4.7018e-02 -4.3109e+00  7.9865e-02  4.7010e+00  7.0753e-02  8.7665e+00  2.5307e+00   43    42  2.7760e+03   1.122e+00
 1 1031.250  1.48168  3931.463  2.5338e+00  1.2116e+01  1.3478e+01 -2.5068e+00  1.5184e+01  0  9.0458e-01  4.6081e-02 -4.3170e+00  7.7512e-02  4.7126e+00  6.9224e-02  8.6387e+00  2.5338e+00   44    65  2.8274e+03   1.125e+00
 1 1054.687  1.51536  3980.349  2.6464e+00  7.3310e+00  1.3962e+01  8.2507e+00  1.5944e+01  0  7.3579e-01  4.9671e-02 -4.2387e+00  7.2345e-02  4.7309e+00  7.3929e-02  9.7326e+00  2.6464e+00   45    61  2.8827e+03   1.129e+00
 1 1078.125  1.54903  4029.381  2.7605e+00  1.6462e+01  1.4346e+01  1.2535e+01  1.5846e+01  0  6.0646e-01  5.0749e-02 -4.2713e+00  7.2445e-02  4.7664e+00  7.4229e-02  1.1030e+01  2.7605e+00   46    63  2.8637e+03   1.121e+00
 1 1101.562  1.58270  4075.655  2.7884e+00  8.1312e+00  1.4567e+01  7.5375e+00  1.5060e+01  0  5.4066e-01  5.0819e-02 -4.3085e+00  7.4492e-02  4.7958e+00  7.4196e-02  9.6188e+00  2.7884e+00   47    55  2.9156e+03   1.124e+00
 1 1125.000  1.61638  4118.500  2.9051e+00  1.0048e+01  1.5530e+01  5.6153e+00  1.4993e+01  0  4.7927e-01  5.1423e-02 -4.4093e+00  8.2423e-02  4.8883e+00  7.3720e-02  4.8203e+00  2.9051e+00   48    58  2.9748e+03   1.129e+00
 1 1148.437  1.65005  4167.767  3.2335e+00  2.2946e+01  1.6538e+01 -8.2270e+00  1.6146e+01  0  2.3784e-01  5.8494e-02 -4.2627e+00  7.1525e-02  4.8740e+00  8.1749e-02  6.4786e+00  3.2335e+00   49    55  2.9507e+03   1.120e+00
 1 1171.875  1.68373  4215.027  3.7460e+00  1.2843e+01  1.8455e+01  2.9737e+00  1.8351e+01  0  1.1719e-01  6.5146e-02 -4.3119e+00  7.7597e-02  5.0155e+00  8.6154e-02  6.1560e+00  3.7460e+00   50    52  3.0622e+03   1.128e+00
 1 1195.312  1.71740  4263.479  3.6904e+00  1.3145e+01  1.8005e+01  5.8522e+00  1.7040e+01  0  4.8326e-02  6.4889e-02 -4.3616e+00  8.0348e-02  5.0018e+00  8.7170e-02  7.0444e+00  3.6904e+00   51    47  3.0666e+03   1.130e+00
 1 1218.750  1.75108  4305.289  3.9319e+00  2.7909e+01  1.9640e+01  1.6009e+00  1.7373e+01  0 -6.2248e-02  6.7810e-02 -4.3459e+00  7.8078e-02  5.0438e+00  8.8795e-02  1.3061e+00  3.9319e+00   52    46  3.0998e+03   1.126e+00
 1 1242.187  1.78475  4354.993  3.9436e+00  1.0651e+01  2.0957e+01  5.3196e+00  1.6566e+01  0 -1.9053e-01  6.9375e-02 -4.3402e+00  7.3764e-02  5.0451e+00  9.0700e-02  3.4687e+00  3.9436e+00   53    42  3.1703e+03   1.135e+00
 1 1265.625  1.81843  4402.879  4.3455e+00  3.6389e+00  2.3077e+01  5.6288e+00  1.7040e+01  0 -3.1830e-01  7.2276e-02 -4.3561e+00  7.1852e-02  5.1016e+00  9.1250e-02  3.8161e+00  4.3455e+00   54    36  3.2655e+03   1.152e+00
 1 1289.062  1.85210  4443.914  4.8501e+00  6.9841e-01  2.4818e+01 -1.4952e+01  1.8246e+01  0 -3.8723e-01  8.7455e-02 -4.4406e+00  9.1737e-02  5.2302e+00  1.0380e-01 -2.6916e+00  4.8501e+00   55    46  3.2850e+03   1.159e+00
 1 1312.500  1.88578  4498.194  4.9532e+00 -1.0068e+01  2.6457e+01 -1.8454e+00  1.7915e+01  0 -6.7213e-01  8.5126e-02 -4.2603e+00  6.1750e-02  5.0837e+00  1.0566e-01  4.0387e+00  4.9532e+00   56    37  3.3719e+03   1.157e+00
 1 1335.937  1.91945  4538.692  5.3679e+00 -1.1897e+01  2.9535e+01  5.9451e+00  1.9957e+01  0 -7.1464e-01  1.0127e-01 -4.3497e+00  7.7996e-02  5.2612e+00  1.1543e-01 -3.0264e+00  5.3679e+00   57    39  3.4002e+03   1.167e+00
 1 1359.375  1.95312  4581.172  5.6174e+00 -1.1277e+01  2.9853e+01  7.2883e+00  1.9910e+01  0 -8.3290e-01  9.9247e-02 -4.3511e+00  7.1657e-02  5.2450e+00  1.1430e-01 -8.1268e+00  5.6174e+00   58    49  3.3850e+03   1.146e+00
 1 1382.812  1.98680  4637.947  6.2465e+00 -3.5764e+00  3.2957e+01  1.1417e+01  2.1244e+01  0 -9.2796e-01  1.1175e-01 -4.3582e+00  7.6163e-02  5.3143e+00  1.2396e-01  1.0473e+00  6.2465e+00   59    38  3.4729e+03   1.160e+00
 1 1406.250  2.02047  4680.588  6.7162e+00  7.1562e+00  3.6131e+01 -4.2477e+00  2.1899e+01  0 -9.8668e-01  1.1839e-01 -4.4129e+00  8.1284e-02  5.4059e+00  1.2518e-01 -3.9386e+00  6.7162e+00   60    44  3.5404e+03   1.167e+00
 1 1429.687  2.05415  4714.939  7.8521e+00  8.8666e+00  3.9713e+01 -1.4997e+01  2.5401e+01  0 -9.8095e-01  1.4949e-01 -4.5076e+00  1.1071e-01  5.6057e+00  1.4044e-01 -1.7244e+01  7.8521e+00   61    42  3.5236e+03   1.161e+00
 1 1453.125  2.08782  4747.886  9.5745e+00  4.0443e+01  4.3643e+01 -1.2542e+01  2.6791e+01  0 -1.0559e+00  1.8089e-01 -4.5152e+00  1.2606e-01  5.6617e+00  1.6740e-01 -3.1986e+01  9.5745e+00   62    47  3.6766e+03   1.181e+00
 1 1476.563  2.12150  4805.550  9.1625e+00 -2.1112e+00  3.7767e+01 -1.7438e+01  2.9192e+01  0 -1.2775e+00  1.6344e-01 -4.3509e+00  8.7727e-02  5.5217e+00  1.6085e-01 -2.2047e+01  9.1625e+00   63    37  3.7436e+03   1.202e+00
 1 1500.000  2.15517  4858.177  9.8891e+00 -1.7194e+01  4.4377e+01 -4.8237e+00  2.9451e+01  0 -1.2384e+00  2.0504e-01 -4.4578e+00  1.2431e-01  5.6794e+00  1.8438e-01 -1.7185e+01  9.8891e+00   64    48  3.6702e+03   1.179e+00
 1 1523.437  2.18885  4914.308  1.0866e+01 -1.6163e+01  5.2098e+01  6.7902e+00  2.9654e+01  0 -1.4941e+00  1.7994e-01 -4.4146e+00  8.7647e-02  5.6062e+00  1.6790e-01 -8.8628e+00  1.0866e+01   65    44  3.7765e+03   1.182e+00
 1 1546.875  2.22252  4960.024  1.1553e+01 -2.9205e+01  4.1499e+01  9.9238e+00  3.8719e+01  0 -1.7470e+00  2.3785e-01 -4.4029e+00  9.4040e-02  5.5732e+00  2.2660e-01 -1.1000e+01  1.1553e+01   66    50  3.9342e+03   1.232e+00
 2  140.625  0.20205  2106.439  1.1484e+01  1.5806e+02  3.8631e+02  5.7120e+01  6.0560e+02  0  1.0921e+00  4.5929e-01 -7.6149e+00  1.3269e-01  4.9646e+00  3.5537e-01  3.0581e+01  1.1484e+01    6    65  1.5106e+03   1.309e+00
 2  164.062  0.23572  2243.134  6.5226e+00 -5.8747e+01  2.0705e+02  5.1265e+02  2.9275e+02  0  1.0981e+00  2.7962e-01 -7.1088e+00  9.1486e-02  4.5521e+00  2.7669e-01  3.4019e+01  6.5226e+00    7    81  1.5557e+03   1.303e+00
 2  187.500  0.26940  2337.866  4.5126e+00 -5.4008e+01  1.2201e+02  6.3860e+01  1.6666e+02  0  2.1791e+00  2.2426e-01 -7.4320e+00  3.4194e-01  5.0250e+00  1.8392e-01  1.1346e+01  4.5126e+00    8    72  1.5512e+03   1.257e+00
 2  210.937  0.30307  2455.194  2.9179e+00  9.3582e+01  7.3027e+01 -8.6662e+01  9.8332e+01  0  2.1613e+00  9.0504e-02 -6.9734e+00  1.2913e-01  4.5808e+00  1.0844e-01  2.2937e+01  2.9179e+00    9    76  1.6623e+03   1.265e+00
 2  234.375  0.33675  2549.927  2.0978e+00 -8.4693e+01  4.6520e+01  2.1682e+01  7.4454e+01  0  2.3804e+00  7.1994e-02 -6.5261e+00  1.1013e-01  4.2690e+00  1.0255e-01  2.0782e+01  2.0978e+00   10    46  1.6992e+03   1.255e+00
 2  257.812  0.37042  2640.798  1.9801e+00  7.4401e+01  4.0110e+01 -3.7275e+01  5.8334e+01  0  2.6771e+00  5.8102e-02 -6.6090e+00  1.4792e-01  4.3965e+00  8.4775e-02  2.1640e+01  1.9801e+00   11    42  1.8122e+03   1.264e+00
 2  281.250  0.40409  2725.088  1.6795e+00  6.7028e+01  3.0745e+01  5.6197e+01  4.2891e+01  0  2.8791e+00  4.8571e-02 -6.4252e+00  1.3302e-01  4.2196e+00  7.4792e-02  2.1365e+01  1.6795e+00   12    59  1.8435e+03   1.251e+00
 2  304.687  0.43777  2801.373  1.6105e+00  4.3757e+01  2.7955e+01 -1.3830e+01  3.7477e+01  0  2.9241e+00  4.6414e-02 -6.2386e+00  1.3267e-01  4.2118e+00  7.1017e-02  1.7475e+01  1.6105e+00   13    47  1.8957e+03   1.252e+00
 2  328.125  0.47144  2876.890  1.5708e+00  3.0132e+01  2.5348e+01 -3.3998e+01  3.4227e+01  0  2.9952e+00  4.5063e-02 -6.1468e+00  1.4532e-01  4.2190e+00  7.0306e-02  1.6403e+01  1.5708e+00   14    48  1.9349e+03   1.214e+00
 2  351.562  0.50512  2950.467  1.4059e+00  8.9164e+00  2.1165e+01  9.3853e+00  2.8218e+01  0  3.0997e+00  4.2820e-02 -6.0213e+00  1.2838e-01  4.0989e+00  6.5341e-02  1.6358e+01  1.4059e+00   15    42  2.0018e+03   1.225e+00
 2  375.000  0.53879  3017.868  1.3553e+00  4.6629e+01  1.8437e+01 -1.3019e+01  2.6812e+01  0  3.1343e+00  4.2765e-02 -5.9196e+00  1.3579e-01  4.0517e+00  6.4998e-02  1.2614e+01  1.3553e+00   16    51  2.0438e+03   1.221e+00
 2  398.438  0.57247  3086.493  1.3833e+00  2.9754e+01  1.7712e+01 -1.2445e+01  2.5401e+01  0  3.1080e+00  4.1686e-02 -5.8132e+00  1.2948e-01  4.0871e+00  6.3286e-02  1.2181e+01  1.3833e+00   17    43  2.0955e+03   1.195e+00
 2  421.875  0.60614  3153.756  1.4010e+00  2.4574e+01  1.6830e+01  1.5972e+01  2.4147e+01  0  3.0790e+00  4.1629e-02 -5.6375e+00  1.2808e-01  4.0951e+00  6.3776e-02  1.2158e+01  1.4010e+00   18    58  2.1425e+03   1.194e+00
 2  445.312  0.63982  3217.203  1.2936e+00  1.3998e+01  1.5081e+01  1.7323e+01  2.0212e+01  0  3.0781e+00  4.1796e-02 -5.5839e+00  1.1933e-01  4.0015e+00  6.2385e-02  9.8326e+00  1.2936e+00   19    47  2.1744e+03   1.186e+00
 2  468.750  0.67349  3282.070  1.3990e+00  2.2400e+01  1.5376e+01 -5.5889e+00  2.0896e+01  0  2.9445e+00  4.1793e-02 -5.3701e+00  1.0751e-01  4.0664e+00  6.3259e-02  1.0227e+01  1.3990e+00   20    46  2.2082e+03   1.178e+00
 2  492.188  0.70717  3344.716  1.4315e+00  2.1459e+01  1.4758e+01 -2.0548e+01  2.0901e+01  0  2.8049e+00  4.1837e-02 -5.2351e+00  9.7374e-02  4.0859e+00  6.3505e-02  9.5232e+00  1.4315e+00   21    46  2.2635e+03   1.183e+00
 2  515.625  0.74084  3408.621  1.4650e+00 -1.4420e+01  1.3944e+01  1.6182e+01  2.0740e+01  0  2.7206e+00  4.1242e-02 -5.2154e+00  1.0012e-01  4.1328e+00  6.3060e-02  1.1048e+01  1.4650e+00   22    53  2.2946e+03   1.174e+00
 2  539.062  0.77452  3469.241  1.4985e+00  3.2287e+01  1.4073e+01 -1.5955e+00  1.9577e+01  0  2.6455e+00  4.0648e-02 -5.1989e+00  1.0078e-01  4.1657e+00  6.1983e-02  1.0134e+01  1.4985e+00   23    50  2.3153e+03   1.161e+00
 2  562.500  0.80819  3530.911  1.4713e+00  7.2342e+00  1.3442e+01  1.5020e+00  1.8194e+01  0  2.5226e+00  4.1102e-02 -5.0956e+00  8.9317e-02  4.1296e+00  6.2415e-02  1.1002e+01  1.4713e+00   24    77  2.3748e+03   1.168e+00
 2  585.938  0.84186  3590.814  1.5966e+00 -4.4219e-01  1.4336e+01 -8.9727e+00  1.8186e+01  0  2.3799e+00  4.0674e-02 -5.0916e+00  9.7464e-02  4.2482e+00  6.2707e-02  1.0747e+01  1.5966e+00   25    67  2.3467e+03   1.154e+00
 2  609.375  0.87554  3650.810  1.6331e+00  1.8465e+01  1.4443e+01 -8.0832e+00  1.7968e+01  0  2.2108e+00  4.1783e-02 -4.9489e+00  8.7598e-02  4.2563e+00  6.5005e-02  1.1142e+01  1.6331e+00   26    60  2.3657e+03   1.141e+00
 2  632.812  0.90921  3713.615  1.7133e+00  3.0898e+01  1.4305e+01 -7.1827e-01  1.7533e+01  0  2.0860e+00  4.2547e-02 -4.8656e+00  8.2565e-02  4.2389e+00  6.6269e-02  1.4835e+01  1.7133e+00   27    52  2.3820e+03   1.149e+00
 2  656.250  0.94289  3772.870  1.6364e+00  4.9976e+00  1.3809e+01 -4.2737e+00  1.5640e+01  0  2.0082e+00  4.1901e-02 -4.8359e+00  7.4533e-02  4.2250e+00  6.4492e-02  1.5405e+01  1.6364e+00   28    51  2.4545e+03   1.139e+00
 2  679.688  0.97656  3826.818  1.7994e+00  1.0138e+01  1.4674e+01 -8.4577e+00  1.6814e+01  0  1.8642e+00  4.1610e-02 -4.9360e+00  8.8536e-02  4.3757e+00  6.4807e-02  1.1040e+01  1.7994e+00   29    48  2.4374e+03   1.132e+00
 2  703.125  1.01024  3887.706  1.9351e+00  3.2242e+01  1.5376e+01  1.5951e+00  1.7255e+01  0  1.6727e+00  4.2876e-02 -4.8789e+00  8.5050e-02  4.4453e+00  6.6134e-02  1.3938e+01  1.9351e+00   30    80  2.4398e+03   1.133e+00
 2  726.562  1.04391  3946.693  2.0010e+00  2.5475e+01  1.5546e+01  1.2806e+01  1.6421e+01  0  1.5524e+00  4.3972e-02 -4.7761e+00  7.9007e-02  4.4288e+00  6.7571e-02  1.5215e+01  2.0010e+00   31    45  2.4506e+03   1.138e+00
 2  750.000  1.07759  4005.675  2.2219e+00 -3.9086e+00  1.6994e+01 -1.3256e+01  1.8061e+01  0  1.3511e+00  4.7450e-02 -4.7364e+00  8.1691e-02  4.5422e+00  7.1393e-02  1.6730e+01  2.2219e+00   32    50  2.4454e+03   1.135e+00
 2  773.437  1.11126  4060.544  2.3069e+00  3.2365e+01  1.7518e+01  2.6935e+00  1.7293e+01  0  1.2278e+00  4.7395e-02 -4.7773e+00  8.0743e-02  4.5960e+00  7.0876e-02  1.4340e+01  2.3069e+00   33    59  2.5155e+03   1.126e+00
 2  796.875  1.14494  4120.061  2.5185e+00  2.8669e+01  1.9411e+01 -4.4322e+00  1.7859e+01  0  1.0665e+00  5.0962e-02 -4.7529e+00  8.3032e-02  4.6649e+00  7.4673e-02  1.6775e+01  2.5185e+00   34    49  2.5092e+03   1.123e+00
 2  820.312  1.17861  4178.018  2.5694e+00  1.6950e+01  1.9219e+01  7.1191e+00  1.7351e+01  0  9.4240e-01  5.1989e-02 -4.7347e+00  8.1101e-02  4.6673e+00  7.5713e-02  1.7799e+01  2.5694e+00   35    58  2.5438e+03   1.139e+00
 2  843.750  1.21228  4233.277  2.8701e+00  4.2733e+00  2.1696e+01  4.3824e+00  1.8169e+01  0  7.4983e-01  5.8951e-02 -4.6778e+00  8.3277e-02  4.7229e+00  8.2726e-02  1.6249e+01  2.8701e+00   36    64  2.4670e+03   1.124e+00
 2  867.187  1.24596  4288.680  3.0588e+00  1.7990e+01  2.3675e+01  6.8260e-01  1.8093e+01  0  6.7745e-01  6.3016e-02 -4.7560e+00  9.7426e-02  4.8427e+00  8.4424e-02  1.4945e+01  3.0588e+00   37    60  2.4786e+03   1.130e+00
 2  890.625  1.27963  4342.900  3.2035e+00  3.0095e+01  2.4259e+01 -9.6005e+00  1.8299e+01  0  4.8410e-01  6.8488e-02 -4.6580e+00  8.9005e-02  4.7753e+00  9.3290e-02  1.2539e+01  3.2035e+00   38    48  2.5033e+03   1.141e+00
 2  914.062  1.31331  4400.856  3.3921e+00  1.2347e+01  2.5474e+01 -1.0780e+01  1.9026e+01  0  3.5297e-01  7.2761e-02 -4.7170e+00  9.4556e-02  4.8847e+00  9.3345e-02  1.3930e+01  3.3921e+00   39    49  2.4855e+03   1.133e+00
 2  937.500  1.34698  4455.512  3.8291e+00 -1.8338e+01  3.0334e+01  1.4801e+01  1.9377e+01  0  2.5029e-01  8.2109e-02 -4.7130e+00  1.0359e-01  4.9676e+00  1.0012e-01  1.2065e+01  3.8291e+00   40    48  2.4919e+03   1.136e+00
 2  960.937  1.38066  4509.032  4.0845e+00  1.8976e+01  3.1445e+01  4.8844e+00  2.0506e+01  0  1.4013e-01  9.2498e-02 -4.8208e+00  1.2282e-01  5.0891e+00  1.0484e-01  9.0935e+00  4.0845e+00   41    55  2.5089e+03   1.144e+00
 2  984.375  1.41433  4565.132  4.3308e+00  1.1464e+01  3.3861e+01 -1.3788e+01  2.1285e+01  0 -8.3176e-02  1.0329e-01 -4.7399e+00  1.1237e-01  5.0758e+00  1.1451e-01  8.7151e+00  4.3308e+00   42    50  2.4482e+03   1.137e+00
 2 1007.812  1.44801  4620.633  4.6645e+00  9.1449e+00  3.9120e+01 -1.3846e+01  2.0080e+01  0 -3.0761e-01  1.0906e-01 -4.6373e+00  9.5962e-02  4.9563e+00  1.2681e-01  7.7382e+00  4.6645e+00   43    55  2.4554e+03   1.140e+00
 2 1031.250  1.48168  4669.464  5.3723e+00  2.2016e+01  4.7551e+01 -2.1051e+01  2.1596e+01  0 -3.6120e-01  1.2501e-01 -4.7311e+00  1.1698e-01  5.1447e+00  1.2993e-01  7.9725e-02  5.3723e+00   44    61  2.4553e+03   1.140e+00
 2 1054.687  1.51536  4728.801  6.2196e+00  3.3469e+01  5.6435e+01  1.1711e+01  2.3300e+01  0 -5.6739e-01  1.4650e-01 -4.6799e+00  1.1550e-01  5.1569e+00  1.4698e-01  2.9037e+00  6.2196e+00   45    53  2.4262e+03   1.148e+00
 2 1078.125  1.54903  4780.031  6.9384e+00  4.4197e+01  6.7359e+01  1.0792e+01  2.3892e+01  0 -3.8510e-01  2.0501e-01 -4.9687e+00  2.4368e-01  5.4522e+00  1.7233e-01 -2.4142e+00  6.9384e+00   46    57  2.4575e+03   1.162e+00
 2 1101.562  1.58270  4829.984  8.5268e+00  7.1928e+01  1.0344e+02 -8.1436e+00  2.4023e+01  0 -6.0166e-01  2.0377e-01 -4.8693e+00  1.9193e-01  5.4095e+00  1.7666e-01 -9.0532e+00  8.5268e+00   47    51  2.4572e+03   1.162e+00
 3  140.625  0.20205  2467.965  7.1368e+00  1.8928e+02  2.2805e+02  5.4431e+02  3.2472e+02  0  2.2367e+00  2.6819e-01 -7.8350e+00  2.4700e-01  5.0739e+00  2.2595e-01  5.1118e+01  7.1368e+00    6   128  1.4298e+03   1.331e+00
 3  187.500  0.26940  2717.017  3.1148e+00  4.3174e+01  9.0800e+01  5.3639e+01  1.0157e+02  0  2.9856e+00  1.0200e-01 -7.6658e+00  4.1905e-01  4.8756e+00  1.0924e-01  2.7407e+01  3.1148e+00    8    73  1.4972e+03   1.254e+00
 3  210.937  0.30307  2837.619  2.4508e+00  1.0843e+02  6.5891e+01 -7.3598e+01  6.9554e+01  0  3.2316e+00  7.3411e-02 -7.5318e+00  4.7763e-01  4.7315e+00  9.1369e-02  2.6390e+01  2.4508e+00    9    73  1.5857e+03   1.245e+00
 3  234.375  0.33675  2945.469  2.0472e+00 -7.8972e+01  4.8192e+01 -6.3255e+00  5.7320e+01  2  3.4571e+00  2.9145e-02 -5.2893e+01  1.2876e+10  4.7227e+00  4.9248e-02  2.0060e+01  2.0472e+00   10    75  1.5976e+03   1.254e+00
 3  257.812  0.37042  3056.742  1.9507e+00  1.0708e+02  4.1769e+01 -8.8690e+00  4.9936e+01  0  3.4069e+00  5.4867e-02 -6.8947e+00  3.7805e-01  4.5341e+00  7.8765e-02  2.3383e+01  1.9507e+00   11    61  1.6570e+03   1.224e+00
 3  281.250  0.40409  3159.322  1.9008e+00 -2.5849e+00  3.5964e+01 -2.2005e+01  4.2647e+01  0  3.4541e+00  4.6504e-02 -7.2449e+00  5.5154e-01  4.5409e+00  6.8776e-02  2.3323e+01  1.9008e+00   12    57  1.7273e+03   1.239e+00
 3  304.687  0.43777  3255.735  1.6933e+00  6.7253e+01  3.1355e+01 -2.7681e+01  3.5367e+01  0  3.3535e+00  4.5322e-02 -6.8163e+00  3.8318e-01  4.4095e+00  6.9334e-02  2.1688e+01  1.6933e+00   13    68  1.7468e+03   1.218e+00
 3  328.125  0.47144  3350.654  1.6921e+00  2.3338e+01  2.7112e+01  1.3767e+01  3.3094e+01  0  3.2475e+00  4.4096e-02 -6.3225e+00  2.3480e-01  4.3321e+00  6.8005e-02  2.2577e+01  1.6921e+00   14    47  1.7899e+03   1.214e+00
 3  351.562  0.50512  3441.890  1.6728e+00  4.3981e+01  2.5454e+01  2.7204e+01  2.9520e+01  0  3.1502e+00  4.1927e-02 -6.5403e+00  2.8851e-01  4.3650e+00  6.4687e-02  2.3334e+01  1.6728e+00   15    68  1.8141e+03   1.198e+00
 3  375.000  0.53879  3521.213  1.5804e+00  1.7600e+01  2.3699e+01  3.1464e+01  2.6454e+01  0  3.0027e+00  4.3121e-02 -6.1105e+00  1.9738e-01  4.2825e+00  6.7328e-02  1.5345e+01  1.5804e+00   16    47  1.9420e+03   1.218e+00
 3  398.438  0.57247  3605.265  1.7722e+00  4.6329e+01  2.4491e+01 -9.9605e+00  2.7131e+01  0  2.7905e+00  4.3836e-02 -5.9728e+00  1.7837e-01  4.3874e+00  6.7047e-02  1.4930e+01  1.7722e+00   17    49  1.9468e+03   1.191e+00
 3  421.875  0.60614  3686.342  1.7579e+00  6.0784e+01  2.2151e+01  3.4027e+01  2.6885e+01  0  2.5727e+00  4.4650e-02 -5.7428e+00  1.3430e-01  4.3114e+00  6.8570e-02  1.4114e+01  1.7579e+00   18    56  1.9943e+03   1.191e+00
 3  445.312  0.63982  3759.488  1.8360e+00  2.0242e+01  2.2439e+01 -1.3051e+01  2.6466e+01  0  2.4074e+00  4.5678e-02 -5.7758e+00  1.4865e-01  4.4018e+00  6.9886e-02  7.7071e+00  1.8360e+00   19    42  2.0237e+03   1.181e+00
 3  468.750  0.67349  3835.296  1.9275e+00  7.6181e+00  2.3421e+01 -1.9534e+01  2.5986e+01  0  2.2028e+00  4.7331e-02 -5.6323e+00  1.2861e-01  4.4470e+00  7.2096e-02  6.1040e+00  1.9275e+00   20    45  2.0935e+03   1.167e+00
 3  492.188  0.70717  3909.026  1.9179e+00  3.8245e+01  2.3070e+01 -1.6899e+01  2.3366e+01  0  2.0740e+00  4.7656e-02 -5.6324e+00  1.3230e-01  4.4291e+00  7.3159e-02  4.3911e+00  1.9179e+00   21    44  2.0992e+03   1.170e+00
 3  515.625  0.74084  3977.467  2.0893e+00  1.5798e+01  2.4659e+01  2.1021e+01  2.3255e+01  0  1.8954e+00  4.9365e-02 -5.6274e+00  1.3437e-01  4.5300e+00  7.3722e-02 -7.9513e-01  2.0893e+00   22    44  2.1490e+03   1.172e+00
 3  539.062  0.77452  4052.672  2.2401e+00 -1.3250e+01  2.5230e+01 -1.5919e+01  2.3552e+01  0  1.7366e+00  5.1131e-02 -5.5799e+00  1.2677e-01  4.5954e+00  7.6128e-02  2.4643e+00  2.2401e+00   23    51  2.2510e+03   1.152e+00
 3  562.500  0.80819  4118.452  2.4520e+00  4.5667e+01  2.7252e+01 -1.6936e+01  2.4848e+01  0  1.4999e+00  5.7774e-02 -5.3585e+00  1.0925e-01  4.6563e+00  8.1353e-02 -2.1376e+00  2.4520e+00   24    47  2.2464e+03   1.150e+00
 3  585.938  0.84186  4187.539  2.6250e+00  2.9102e+01  2.8190e+01 -3.2962e+00  2.5062e+01  0  1.4201e+00  5.7663e-02 -5.4622e+00  1.2120e-01  4.7623e+00  7.9823e-02 -1.9750e+00  2.6250e+00   25    45  2.3705e+03   1.165e+00
 3  609.375  0.87554  4253.071  2.8077e+00  4.8761e+01  2.8624e+01 -9.1818e+00  2.5360e+01  0  1.2423e+00  6.1388e-02 -5.4403e+00  1.1930e-01  4.7876e+00  8.3983e-02 -4.0029e+00  2.8077e+00   26    41  2.3938e+03   1.154e+00
 3  632.812  0.90921  4323.565  3.0541e+00  3.1809e+01  3.2405e+01  8.6437e-01  2.5043e+01  0  1.1051e+00  6.5738e-02 -5.4635e+00  1.2408e-01  4.9103e+00  8.5551e-02  2.0922e-01  3.0541e+00   27    40  2.4882e+03   1.155e+00
 3  656.250  0.94289  4389.507  2.9835e+00  4.1711e+01  3.0913e+01  1.9692e+01  2.3767e+01  0  8.2959e-01  6.4336e-02 -5.2331e+00  8.3333e-02  4.7593e+00  8.7778e-02  1.0716e+00  2.9835e+00   28    49  2.5443e+03   1.160e+00
 3  679.688  0.97656  4457.884  3.3549e+00  5.2147e+01  3.4395e+01 -2.1654e+01  2.5441e+01  0  6.5147e-01  7.1509e-02 -5.2112e+00  8.4111e-02  4.8536e+00  9.2660e-02  5.5017e+00  3.3549e+00   29    44  2.5653e+03   1.148e+00
 3  703.125  1.01024  4522.171  3.7769e+00  2.1539e+01  3.9293e+01 -5.5318e+00  2.6615e+01  0  4.3515e-01  8.0886e-02 -5.1347e+00  7.8382e-02  4.9017e+00  1.0162e-01  6.9116e+00  3.7769e+00   30    44  2.6814e+03   1.159e+00
 3  726.562  1.04391  4586.354  4.2010e+00  3.5034e+01  4.3045e+01 -5.0574e+00  2.8212e+01  0  2.5009e-01  8.6451e-02 -5.1225e+00  7.4108e-02  4.9622e+00  1.0545e-01  9.2296e+00  4.2010e+00   31    43  2.7483e+03   1.148e+00
 3  750.000  1.07759  4653.058  4.6617e+00  1.2378e+01  5.0261e+01 -1.0911e+00  2.8090e+01  0  9.0392e-02  9.2597e-02 -5.0983e+00  7.2154e-02  4.9995e+00  1.1036e-01  1.5026e+01  4.6617e+00   32    55  2.7968e+03   1.149e+00
 3  773.437  1.11126  4717.492  4.7861e+00  5.7329e+01  5.4214e+01 -1.2945e+01  2.8293e+01  0 -1.6906e-01  9.6191e-02 -5.0286e+00  5.9818e-02  4.9452e+00  1.1659e-01  1.9465e+01  4.7861e+00   33    47  2.8650e+03   1.140e+00
 3  796.875  1.14494  4776.169  5.7457e+00  4.4720e+01  7.0296e+01 -1.2422e+01  3.0080e+01  0 -2.6719e-01  1.1067e-01 -5.0357e+00  6.6469e-02  5.0683e+00  1.2694e-01  1.9013e+01  5.7457e+00   34    50  2.9586e+03   1.158e+00
 3  820.312  1.17861  4834.277  7.2988e+00  1.1235e+02  1.0388e+02  3.8451e+01  3.4030e+01  0 -4.8876e-01  1.3721e-01 -5.0247e+00  6.9208e-02  5.1754e+00  1.4738e-01  1.8818e+01  7.2988e+00   35    46  2.9821e+03   1.150e+00
 3  867.187  1.24596  4968.512  1.4438e+01  8.7523e+01  3.3779e+02 -1.5787e+01  3.7164e+01  0 -1.0691e+00  1.6495e-01 -4.9173e+00  5.1704e-02  5.0509e+00  1.8879e-01  3.8771e+01  1.4438e+01   37    56  3.1791e+03   1.154e+00
 4  164.062  0.23572  2941.597  5.0609e+00 -6.5173e+01  1.2456e+02 -1.8454e+02  1.4129e+02  2  3.7202e+00  4.7167e-02 -2.3195e+01  1.8823e+03  5.1881e+00  6.9698e-02  5.0319e+01  5.0609e+00    7    62  1.3941e+03   1.298e+00
 4  187.500  0.26940  3072.958  3.2462e+00 -5.2217e+00  9.2548e+01  2.2495e+01  1.0603e+02  0  3.6663e+00  1.1564e-01 -7.4450e+00  7.3220e-01  4.9296e+00  1.2014e-01  3.4563e+01  3.2462e+00    8   119  1.4683e+03   1.272e+00
 4  210.937  0.30307  3203.322  2.6803e+00  7.9900e+01  6.8758e+01 -3.0396e+01  7.6119e+01  2  3.7860e+00  3.0701e-02 -7.0393e+01  9.2521e+13  4.9338e+00  5.4636e-02  2.7960e+01  2.6803e+00    9    65  1.5175e+03   1.271e+00
 4  234.375  0.33675  3317.342  2.2718e+00  1.2726e+02  5.4632e+01 -1.0861e+02  6.2600e+01  2  3.5471e+00  2.8988e-02 -3.1671e+01  3.9405e+05  4.8312e+00  5.1482e-02  1.3102e+01  2.2718e+00   10    66  1.5668e+03   1.270e+00
 4  257.812  0.37042  3446.522  2.2989e+00 -4.9441e+00  5.1573e+01 -1.2862e+01  5.6460e+01  0  3.1221e+00  7.4588e-02 -6.3477e+00  2.6152e-01  4.5913e+00  9.4490e-02  2.0012e+01  2.2989e+00   11    51  1.5702e+03   1.233e+00
 4  281.250  0.40409  3553.500  2.3715e+00  5.3215e+01  4.7588e+01 -2.4338e+01  5.3546e+01  0  3.0034e+00  7.7387e-02 -6.8798e+00  4.9814e-01  4.7601e+00  9.1720e-02  1.0221e+01  2.3715e+00   12    59  1.6660e+03   1.230e+00
 4  304.687  0.43777  3668.018  2.3117e+00  6.0551e+01  4.4364e+01 -1.6449e+01  4.6217e+01  0  2.6757e+00  7.3882e-02 -6.3093e+00  2.5065e-01  4.6005e+00  9.5646e-02  1.2628e+01  2.3117e+00   13    56  1.7052e+03   1.223e+00
 4  328.125  0.47144  3779.969  2.4357e+00  2.8568e+01  4.1494e+01  1.4947e+01  4.6575e+01  0  2.3751e+00  7.5170e-02 -6.1741e+00  2.0388e-01  4.6050e+00  9.6623e-02  1.6465e+01  2.4357e+00   14   404  1.7470e+03   1.218e+00
 4  351.562  0.50512  3889.356  2.6742e+00  4.3949e+01  4.4858e+01  6.0098e+01  4.5574e+01  0  2.1841e+00  7.7811e-02 -6.1468e+00  1.9899e-01  4.7193e+00  9.6318e-02  2.1207e+01  2.6742e+00   15    51  1.7712e+03   1.202e+00
 4  375.000  0.53879  3994.433  2.7601e+00 -9.2165e+00  4.6560e+01 -2.2228e+01  4.1360e+01  0  2.0223e+00  7.7545e-02 -6.2117e+00  2.0840e-01  4.8046e+00  9.4050e-02  2.4680e+01  2.7601e+00   16    60  1.8031e+03   1.191e+00
 4  398.438  0.57247  4091.482  2.8404e+00  7.3103e+01  4.4524e+01 -3.9673e+01  3.9612e+01  0  1.7689e+00  8.0586e-02 -6.0876e+00  1.8013e-01  4.7782e+00  9.7548e-02  2.2813e+01  2.8404e+00   17    95  1.8195e+03   1.171e+00
 4  421.875  0.60614  4192.280  3.0618e+00  4.7155e+01  4.4815e+01  1.9411e+01  4.0754e+01  0  1.4011e+00  8.0865e-02 -5.7796e+00  1.1075e-01  4.6946e+00  9.9907e-02  2.7089e+01  3.0618e+00   18    56  1.8808e+03   1.180e+00
 4  445.312  0.63982  4283.653  3.2931e+00  7.7559e+01  4.7248e+01 -1.3868e+01  3.9291e+01  0  1.3757e+00  9.2958e-02 -5.9796e+00  1.7000e-01  4.8759e+00  1.0576e-01  2.4087e+01  3.2931e+00   19    66  1.9122e+03   1.170e+00
 4  468.750  0.67349  4371.073  3.3650e+00  5.3797e+01  4.6729e+01 -1.1103e+01  3.8405e+01  0  1.1718e+00  9.1667e-02 -5.9416e+00  1.5158e-01  4.8948e+00  1.0309e-01  1.9068e+01  3.3650e+00   20    63  1.9516e+03   1.166e+00
 4  492.188  0.70717  4454.799  3.4841e+00  1.0077e+02  5.2400e+01 -2.8531e+00  3.6900e+01  0  9.6032e-01  1.0311e-01 -5.9302e+00  1.5313e-01  4.9364e+00  1.1421e-01  1.2111e+01  3.4841e+00   21    66  2.0378e+03   1.162e+00
 4  515.625  0.74084  4538.379  4.6282e+00  9.6394e+01  6.2278e+01 -2.0672e+01  4.4343e+01  0  8.2994e-01  1.6150e-01 -5.8917e+00  2.2146e-01  5.1548e+00  1.5056e-01  6.6067e+00  4.6282e+00   22    44  2.0697e+03   1.180e+00
 4  539.062  0.77452  4616.046  4.2503e+00  1.2942e+02  6.0983e+01 -5.9505e+01  3.8860e+01  0  7.9480e-01  1.5651e-01 -6.0799e+00  2.7592e-01  5.1903e+00  1.4615e-01 -3.3487e+00  4.2503e+00   23    58  2.0972e+03   1.169e+00
 4  562.500  0.80819  4699.377  5.0323e+00  4.4972e+01  7.5627e+01  4.0816e+01  4.2007e+01  0  5.3389e-01  1.7550e-01 -5.8351e+00  2.1044e-01  5.2236e+00  1.5788e-01 -6.2973e+00  5.0323e+00   24    50  2.1364e+03   1.165e+00
 4  585.938  0.84186  4773.647  5.9314e+00  1.3008e+02  8.7856e+01 -2.2439e+01  4.5208e+01  0  4.8264e-01  2.1608e-01 -6.0005e+00  2.9665e-01  5.4166e+00  1.7422e-01 -1.7070e+01  5.9314e+00   25    87  2.1840e+03   1.165e+00
 4  609.375  0.87554  4848.519  7.0504e+00  1.7405e+02  1.0370e+02 -2.8705e+01  5.3464e+01  0  1.1966e-01  2.6320e-01 -5.7182e+00  2.1272e-01  5.4210e+00  2.0970e-01 -2.6097e+01  7.0504e+00   26    75  2.2156e+03   1.158e+00
 4  632.812  0.90921  4922.832  9.2898e+00  2.7165e+02  1.6291e+02 -3.1675e+01  5.0877e+01  0  6.1995e-02  3.1642e-01 -5.7498e+00  2.5772e-01  5.4695e+00  2.6057e-01 -3.4622e+01  9.2898e+00   27    71  2.2589e+03   1.156e+00
 4  656.250  0.94289  5001.363  1.9394e+01  2.0425e+02  3.9506e+02 -1.1278e+01  5.6886e+01  0  4.2896e-01  9.7888e-01 -6.3193e+00  1.6826e+00  5.9307e+00  6.3179e-01 -3.7944e+01  1.9394e+01   28   104  2.2984e+03   1.153e+00
 5  164.062  0.23572  3237.389  5.7921e+00  2.0329e+02  1.6285e+02  6.9331e+01  1.6462e+02  0  3.8891e+00  2.6215e-01 -7.9738e+00  2.1233e+00  5.2610e+00  1.9507e-01  3.5489e+01  5.7921e+00    7    92  1.3164e+03   1.324e+00
 5  210.937  0.30307  3537.530  3.5312e+00  2.2492e+02  1.0353e+02  5.3981e+01  9.7097e+01  0  3.0944e+00  1.6781e-01 -7.1160e+00  6.4946e-01  5.0285e+00  1.4408e-01  1.7238e+01  3.5312e+00    9    59  1.4618e+03   1.267e+00
 5  234.375  0.33675  3683.047  3.7418e+00  1.7697e+01  9.4606e+01  6.0547e+01  9.4932e+01  0  2.6717e+00  1.6848e-01 -6.7155e+00  3.9651e-01  4.9814e+00  1.5054e-01  1.7831e+01  3.7418e+00   10    53  1.5361e+03   1.245e+00
 5  257.812  0.37042  3823.305  3.5096e+00  4.6059e+01  8.4219e+01 -3.7448e+01  7.7631e+01  0  2.3400e+00  1.4422e-01 -6.5746e+00  2.8593e-01  4.8998e+00  1.3846e-01  2.0373e+01  3.5096e+00   11    50  1.5708e+03   1.233e+00
 5  281.250  0.40409  3954.697  3.2061e+00  9.1088e+01  6.6128e+01 -1.2148e+01  7.0290e+01  0  2.1410e+00  1.1955e-01 -6.8557e+00  3.2070e-01  4.9126e+00  1.2018e-01  2.0080e+01  3.2061e+00   12    99  1.6182e+03   1.232e+00
 5  304.687  0.43777  4079.028  3.8593e+00  5.5147e+01  8.0149e+01 -5.4575e+01  6.9856e+01  0  1.7854e+00  1.4710e-01 -6.5619e+00  2.5508e-01  4.9656e+00  1.4121e-01  1.7850e+01  3.8593e+00   13    56  1.6694e+03   1.198e+00
 5  328.125  0.47144  4203.060  3.9292e+00  7.5500e+01  7.3462e+01 -8.4830e+00  6.8296e+01  0  1.4537e+00  1.3374e-01 -6.3349e+00  1.6835e-01  4.9004e+00  1.3382e-01  1.9736e+01  3.9292e+00   14    55  1.7398e+03   1.213e+00
 5  351.562  0.50512  4316.607  4.2218e+00  1.1681e+02  8.0711e+01 -3.1076e+01  6.3099e+01  0  1.2805e+00  1.4845e-01 -6.4329e+00  2.0310e-01  5.0028e+00  1.3980e-01  1.4979e+01  4.2218e+00   15    70  1.7592e+03   1.193e+00
 5  375.000  0.53879  4429.875  4.8114e+00  3.8254e+01  8.7747e+01  2.2814e+00  6.5007e+01  0  9.0546e-01  1.6949e-01 -6.2000e+00  1.5654e-01  4.9669e+00  1.5971e-01  1.3325e+01  4.8114e+00   16    67  1.8087e+03   1.195e+00
 5  398.438  0.57247  4541.726  4.6187e+00  9.1858e+01  8.0892e+01  5.3228e+01  6.2814e+01  0  8.3756e-01  1.6563e-01 -6.2789e+00  1.7203e-01  5.0703e+00  1.5230e-01  1.3251e+01  4.6187e+00   17    62  1.8804e+03   1.180e+00
 5  421.875  0.60614  4657.395  6.1269e+00  4.8349e+01  1.1660e+02 -7.3762e+01  6.6864e+01  0  5.1831e-01  2.0701e-01 -6.0694e+00  1.4945e-01  5.0981e+00  1.8315e-01  1.9673e+01  6.1269e+00   18    67  1.9661e+03   1.203e+00
 5  445.312  0.63982  4752.694  5.8062e+00  1.2902e+02  1.0773e+02 -5.7317e+01  6.3305e+01  0  3.5350e-01  2.2347e-01 -6.1335e+00  1.6903e-01  5.1259e+00  1.9367e-01  8.1341e+00  5.8062e+00   19    63  1.9264e+03   1.179e+00
 5  468.750  0.67349  4863.850  7.0827e+00  2.1327e+02  1.3900e+02  5.8977e+01  6.9396e+01  0 -5.6592e-02  2.4388e-01 -5.9812e+00  1.2277e-01  5.0984e+00  2.1684e-01  1.4629e+01  7.0827e+00   20    57  2.0352e+03   1.187e+00
 5  492.188  0.70717  4960.810  1.0599e+01  1.4393e+02  1.8961e+02  6.6407e+01  9.2677e+01  0 -3.6413e-01  4.0068e-01 -5.8970e+00  1.4765e-01  5.2457e+00  3.1973e-01  8.9073e+00  1.0599e+01   21    62  2.0341e+03   1.160e+00
 6  210.937  0.30307  3872.006  8.7419e+00  5.0054e+02  2.1429e+02 -1.8094e+02  2.5803e+02  0  1.5565e+00  4.3566e-01 -6.3620e+00  1.8636e-01  4.9851e+00  3.3800e-01  1.8864e+01  8.7419e+00    9    77  1.4180e+03   1.273e+00
 6  257.812  0.37042  4191.564  5.6767e+00  8.7290e+01  1.3142e+02 -4.8959e+01  1.1871e+02  0  2.0342e+00  4.4162e-01 -7.9258e+00  1.9440e+00  5.4437e+00  2.7778e-01  2.0956e+01  5.6767e+00   11   116  1.4871e+03   1.245e+00
 6  281.250  0.40409  4332.847  5.9759e+00 -3.0555e+01  1.3747e+02 -6.4954e+01  1.0934e+02  0  1.2771e+00  2.9455e-01 -6.7331e+00  2.9231e-01  5.1115e+00  2.2579e-01  1.3812e+01  5.9759e+00   12    61  1.5968e+03   1.253e+00
 6  304.687  0.43777  4475.466  6.2062e+00  2.0091e+02  1.3625e+02 -8.4905e+01  1.0434e+02  0  9.4645e-01  3.0089e-01 -6.7134e+00  2.5673e-01  5.1421e+00  2.3217e-01  1.3601e+01  6.2062e+00   13    86  1.6417e+03   1.213e+00
 6  328.125  0.47144  4610.714  6.6136e+00  1.0508e+02  1.4450e+02  2.7284e+01  1.0259e+02  0  7.0388e-01  3.6304e-01 -6.6992e+00  2.9189e-01  5.1753e+00  2.7444e-01  1.0904e+01  6.6136e+00   14    50  1.7002e+03   1.220e+00
 6  351.562  0.50512  4741.108  6.8747e+00  1.2281e+02  1.4715e+02 -5.1523e+01  9.8539e+01  0  4.7747e-01  3.1810e-01 -6.5914e+00  2.2112e-01  5.1917e+00  2.4207e-01  7.6616e+00  6.8747e+00   15    59  1.7259e+03   1.204e+00
 6  375.000  0.53879  4854.237  1.0684e+01  1.9531e+02  2.3975e+02 -1.4120e+02  1.1777e+02  0  6.1123e-01  1.1348e+00 -6.7799e+00  1.0479e+00  5.5726e+00  6.7953e-01 -9.0104e+00  1.0684e+01   16    94  1.7675e+03   1.199e+00
 6  398.438  0.57247  4976.690  9.4298e+00  4.7747e+02  2.7689e+02  5.1717e+01  1.1530e+02  0  4.5581e-02  5.3569e-01 -6.5358e+00  2.8012e-01  5.4039e+00  3.8230e-01 -1.2919e+01  9.4298e+00   17    75  1.8138e+03   1.198e+00
 7  210.937  0.30307  4196.102  1.8753e+01 -1.6249e+02  7.3967e+02 -3.4267e+02  3.8590e+02  0  2.1128e-01  7.5163e-01 -6.7009e+00  1.3344e-01  4.9236e+00  5.3852e-01  1.9123e+01  1.8753e+01    9    72  1.3407e+03   1.248e+00
 7  257.812  0.37042  4534.021  8.5506e+00  1.3772e+02  3.1678e+02  1.9900e+01  1.6114e+02  0  1.1398e-01  6.1628e-01 -6.7661e+00  1.9394e-01  4.8098e+00  4.9124e-01  4.6381e+00  8.5506e+00   11    70  1.3773e+03   1.236e+00
 7  281.250  0.40409  4705.897  1.6375e+01  4.2765e+01  4.3835e+02 -5.3126e+01  2.3887e+02  0 -1.1109e-01  1.1163e+00 -6.7538e+00  2.9243e-01  5.1606e+00  7.3587e-01  1.2024e+01  1.6375e+01   12    55  1.4628e+03   1.225e+00

